// 12ptfont: generated from Barlow-SemiBold.ttf by tools/build-pack.mjs
Define CharList (' ', '!', '"', '#', '$', '%', '&', "'", '(', ')', '*', '+', ',', '-', '.', '/', '0', '1', '2', '3', '4', '5', '6', '7', '8', '9', ':', ';', '<', '=', '>', '?', '@', 'A', 'B', 'C', 'D', 'E', 'F', 'G', 'H', 'I', 'J', 'K', 'L', 'M', 'N', 'O', 'P', 'Q', 'R', 'S', 'T', 'U', 'V', 'W', 'X', 'Y', 'Z', '[', '\\', ']', '^', '_', '`', 'a', 'b', 'c', 'd', 'e', 'f', 'g', 'h', 'i', 'j', 'k', 'l', 'm', 'n', 'o', 'p', 'q', 'r', 's', 't', 'u', 'v', 'w', 'x', 'y', 'z', '{', '|', '}', '~');
Define WidthList (3, 5, 5, 10, 8, 12, 10, 2, 4, 4, 6, 7, 4, 6, 4, 6, 8, 5, 8, 7, 8, 7, 7, 7, 7, 7, 5, 4, 7, 7, 7, 7, 12, 9, 9, 9, 9, 8, 8, 9, 9, 4, 8, 9, 8, 10, 9, 9, 8, 8, 9, 8, 8, 9, 9, 12, 9, 8, 8, 6, 6, 6, 7, 7, 3, 7, 8, 7, 8, 8, 5, 8, 8, 4, 4, 7, 3, 12, 8, 8, 8, 8, 5, 7, 5, 8, 7, 11, 7, 7, 6, 5, 3, 5, 7);
Define RectList ((0,0,0,20), (1,0,7,20), (9,0,9,20), (19,0,13,20), (33,0,12,20), (46,0,14,20), (61,0,13,20), (75,0,6,20), (82,0,9,20), (92,0,8,20), (101,0,10,20), (112,0,11,20), (124,0,7,20), (132,0,10,20), (143,0,7,20), (151,0,10,20), (162,0,12,20), (175,0,8,20), (184,0,12,20), (197,0,11,20), (209,0,12,20), (222,0,11,20), (234,0,11,20), (246,0,11,20), (258,0,11,20), (270,0,11,20), (282,0,7,20), (290,0,7,20), (298,0,11,20), (310,0,11,20), (322,0,11,20), (334,0,11,20), (346,0,15,20), (362,0,13,20), (376,0,11,20), (388,0,12,20), (401,0,11,20), (413,0,11,20), (425,0,11,20), (437,0,12,20), (450,0,12,20), (463,0,6,20), (470,0,12,20), (483,0,12,20), (496,0,11,20), (508,0,13,20), (522,0,12,20), (535,0,12,20), (548,0,12,20), (561,0,12,20), (574,0,12,20), (587,0,12,20), (600,0,12,20), (613,0,12,20), (626,0,13,20), (640,0,16,20), (657,0,13,20), (671,0,12,20), (684,0,12,20), (697,0,8,20), (706,0,10,20), (717,0,9,20), (727,0,11,20), (739,0,11,20), (751,0,7,20), (759,0,11,20), (771,0,12,20), (784,0,11,20), (796,0,11,20), (808,0,11,20), (820,0,9,20), (830,0,11,20), (842,0,11,20), (854,0,7,20), (862,0,8,20), (871,0,11,20), (883,0,7,20), (891,0,15,20), (907,0,11,20), (919,0,12,20), (932,0,12,20), (945,0,11,20), (957,0,10,20), (968,0,11,20), (980,0,9,20), (990,0,11,20), (1002,0,11,20), (1014,0,15,20), (1030,0,11,20), (1042,0,11,20), (1054,0,10,20), (1065,0,9,20), (1075,0,7,20), (1083,0,9,20), (1093,0,11,20));
Define OffsetList ((0,0), (-1,0), (-2,0), (-2,0), (-2,0), (-1,0), (-2,0), (-2,0), (-3,0), (-1,0), (-2,0), (-2,0), (-2,0), (-2,0), (-2,0), (-2,0), (-2,0), (-2,0), (-2,0), (-2,0), (-2,0), (-2,0), (-2,0), (-2,0), (-2,0), (-2,0), (-1,0), (-1,0), (-2,0), (-2,0), (-2,0), (-2,0), (-2,0), (-2,0), (-1,0), (-2,0), (-1,0), (-1,0), (-1,0), (-2,0), (-1,0), (-1,0), (-2,0), (-1,0), (-1,0), (-1,0), (-1,0), (-2,0), (-2,0), (-2,0), (-1,0), (-2,0), (-2,0), (-2,0), (-2,0), (-2,0), (-2,0), (-2,0), (-2,0), (-2,0), (-2,0), (-1,0), (-2,0), (-2,0), (-2,0), (-2,0), (-2,0), (-2,0), (-2,0), (-2,0), (-2,0), (-2,0), (-2,0), (-2,0), (-3,0), (-2,0), (-2,0), (-2,0), (-2,0), (-2,0), (-2,0), (-2,0), (-2,0), (-2,0), (-2,0), (-2,0), (-2,0), (-2,0), (-2,0), (-2,0), (-2,0), (-2,0), (-2,0), (-2,0), (-2,0));
CreateLayer Main;
LayerSetImage Main '../images/12ptfont';
LayerSetImageMap Main CharList RectList;
LayerSetCharWidths Main CharList WidthList;
LayerSetCharOffsets Main CharList OffsetList;
LayerSetAscent Main 16;
LayerSetPointSize Main 11;
