// CourierFinalDraft15Bold: generated from CourierPrime-Bold.ttf by tools/build-pack.mjs
Define CharList (' ', '!', '"', '#', '$', '%', '&', "'", '(', ')', '*', '+', ',', '-', '.', '/', '0', '1', '2', '3', '4', '5', '6', '7', '8', '9', ':', ';', '<', '=', '>', '?', '@', 'A', 'B', 'C', 'D', 'E', 'F', 'G', 'H', 'I', 'J', 'K', 'L', 'M', 'N', 'O', 'P', 'Q', 'R', 'S', 'T', 'U', 'V', 'W', 'X', 'Y', 'Z', '[', '\\', ']', '^', '_', '`', 'a', 'b', 'c', 'd', 'e', 'f', 'g', 'h', 'i', 'j', 'k', 'l', 'm', 'n', 'o', 'p', 'q', 'r', 's', 't', 'u', 'v', 'w', 'x', 'y', 'z', '{', '|', '}', '~');
Define WidthList (14, 14, 14, 14, 14, 14, 14, 14, 14, 14, 14, 14, 14, 14, 14, 14, 14, 14, 14, 14, 14, 14, 14, 14, 14, 14, 14, 14, 14, 14, 14, 14, 14, 14, 14, 14, 14, 14, 14, 14, 14, 14, 14, 14, 14, 14, 14, 14, 14, 14, 14, 14, 14, 14, 14, 14, 14, 14, 14, 14, 14, 14, 14, 14, 14, 14, 14, 14, 14, 14, 14, 14, 14, 14, 14, 14, 14, 14, 14, 14, 14, 14, 14, 14, 14, 14, 14, 14, 14, 14, 14, 14, 14, 14, 14);
Define RectList ((0,0,0,29), (1,0,8,29), (10,0,15,29), (26,0,18,29), (45,0,16,29), (62,0,18,29), (81,0,16,29), (98,0,8,29), (107,0,13,29), (121,0,12,29), (134,0,14,29), (149,0,15,29), (165,0,10,29), (176,0,15,29), (192,0,8,29), (201,0,16,29), (218,0,16,29), (235,0,15,29), (251,0,15,29), (267,0,14,29), (282,0,16,29), (299,0,15,29), (315,0,16,29), (332,0,15,29), (348,0,15,29), (364,0,16,29), (381,0,8,29), (390,0,10,29), (401,0,16,29), (418,0,15,29), (434,0,16,29), (451,0,14,29), (466,0,18,29), (485,0,19,29), (505,0,17,29), (523,0,16,29), (540,0,18,29), (559,0,17,29), (577,0,17,29), (595,0,18,29), (614,0,18,29), (633,0,15,29), (649,0,17,29), (667,0,18,29), (686,0,17,29), (704,0,18,29), (723,0,18,29), (742,0,18,29), (761,0,17,29), (779,0,18,29), (798,0,18,29), (817,0,16,29), (834,0,16,29), (851,0,18,29), (870,0,19,29), (890,0,20,29), (911,0,18,29), (930,0,18,29), (949,0,16,29), (966,0,12,29), (979,0,16,29), (996,0,12,29), (1009,0,14,29), (1024,0,20,29), (1045,0,11,29), (1057,0,17,29), (1075,0,17,29), (1093,0,16,29), (1110,0,17,29), (1128,0,16,29), (1145,0,16,29), (1162,0,17,29), (1180,0,18,29), (1199,0,16,29), (1216,0,14,29), (1231,0,18,29), (1250,0,16,29), (1267,0,19,29), (1287,0,18,29), (1306,0,16,29), (1323,0,17,29), (1341,0,17,29), (1359,0,16,29), (1376,0,16,29), (1393,0,16,29), (1410,0,18,29), (1429,0,18,29), (1448,0,20,29), (1469,0,18,29), (1488,0,18,29), (1507,0,16,29), (1524,0,15,29), (1540,0,8,29), (1549,0,15,29), (1565,0,16,29));
Define OffsetList ((0,0), (3,0), (-1,0), (-2,0), (-1,0), (-2,0), (-1,0), (3,0), (0,0), (1,0), (0,0), (-1,0), (1,0), (-1,0), (3,0), (-1,0), (-1,0), (0,0), (-1,0), (0,0), (-1,0), (-1,0), (-1,0), (0,0), (-1,0), (-1,0), (3,0), (2,0), (-1,0), (-1,0), (-1,0), (0,0), (-2,0), (-3,0), (-2,0), (-1,0), (-2,0), (-2,0), (-2,0), (-2,0), (-2,0), (-1,0), (-1,0), (-2,0), (-2,0), (-2,0), (-2,0), (-2,0), (-2,0), (-2,0), (-2,0), (-1,0), (-1,0), (-2,0), (-3,0), (-3,0), (-2,0), (-2,0), (-1,0), (1,0), (-1,0), (1,0), (0,0), (-3,0), (1,0), (-1,0), (-2,0), (-1,0), (-1,0), (-1,0), (-1,0), (-1,0), (-2,0), (-1,0), (-1,0), (-2,0), (-1,0), (-3,0), (-2,0), (-1,0), (-2,0), (-1,0), (-1,0), (-1,0), (-1,0), (-2,0), (-2,0), (-3,0), (-2,0), (-2,0), (-1,0), (-1,0), (3,0), (0,0), (-1,0));
CreateLayer Main;
LayerSetImage Main '../images/CourierFinalDraft15Bold';
LayerSetImageMap Main CharList RectList;
LayerSetCharWidths Main CharList WidthList;
LayerSetCharOffsets Main CharList OffsetList;
LayerSetAscent Main 20;
LayerSetPointSize Main 15;
