// GillSansMT10Bold: generated from Lato-Bold.ttf by tools/build-pack.mjs
Define CharList (' ', '!', '"', '#', '$', '%', '&', "'", '(', ')', '*', '+', ',', '-', '.', '/', '0', '1', '2', '3', '4', '5', '6', '7', '8', '9', ':', ';', '<', '=', '>', '?', '@', 'A', 'B', 'C', 'D', 'E', 'F', 'G', 'H', 'I', 'J', 'K', 'L', 'M', 'N', 'O', 'P', 'Q', 'R', 'S', 'T', 'U', 'V', 'W', 'X', 'Y', 'Z', '[', '\\', ']', '^', '_', '`', 'a', 'b', 'c', 'd', 'e', 'f', 'g', 'h', 'i', 'j', 'k', 'l', 'm', 'n', 'o', 'p', 'q', 'r', 's', 't', 'u', 'v', 'w', 'x', 'y', 'z', '{', '|', '}', '~');
Define WidthList (3, 3, 5, 7, 7, 10, 9, 3, 3, 3, 5, 7, 3, 5, 3, 6, 7, 7, 7, 7, 7, 7, 7, 7, 7, 7, 3, 3, 7, 7, 7, 6, 10, 9, 8, 8, 9, 7, 7, 9, 10, 4, 5, 8, 6, 12, 10, 10, 8, 10, 8, 7, 7, 9, 9, 13, 8, 8, 7, 4, 6, 4, 7, 6, 5, 6, 7, 6, 7, 7, 4, 7, 7, 3, 3, 7, 3, 10, 7, 7, 7, 7, 5, 5, 5, 7, 7, 10, 6, 7, 6, 4, 3, 4, 7);
Define RectList ((0,0,0,18), (1,0,7,18), (9,0,9,18), (19,0,11,18), (31,0,11,18), (43,0,14,18), (58,0,13,18), (72,0,6,18), (79,0,8,18), (88,0,7,18), (96,0,9,18), (106,0,11,18), (118,0,7,18), (126,0,8,18), (135,0,7,18), (143,0,10,18), (154,0,11,18), (166,0,11,18), (178,0,11,18), (190,0,11,18), (202,0,11,18), (214,0,11,18), (226,0,11,18), (238,0,11,18), (250,0,11,18), (262,0,11,18), (274,0,7,18), (282,0,7,18), (290,0,10,18), (301,0,11,18), (313,0,10,18), (324,0,10,18), (335,0,14,18), (350,0,14,18), (365,0,12,18), (378,0,13,18), (392,0,13,18), (406,0,11,18), (418,0,11,18), (430,0,13,18), (444,0,13,18), (458,0,7,18), (466,0,9,18), (476,0,13,18), (490,0,11,18), (502,0,15,18), (518,0,13,18), (532,0,14,18), (547,0,12,18), (560,0,14,18), (575,0,12,18), (588,0,11,18), (600,0,12,18), (613,0,13,18), (627,0,14,18), (642,0,17,18), (660,0,13,18), (674,0,14,18), (689,0,12,18), (702,0,7,18), (710,0,10,18), (721,0,7,18), (729,0,11,18), (741,0,10,18), (752,0,8,18), (761,0,10,18), (772,0,11,18), (784,0,10,18), (795,0,11,18), (807,0,11,18), (819,0,9,18), (829,0,11,18), (841,0,11,18), (853,0,7,18), (861,0,8,18), (870,0,11,18), (882,0,7,18), (890,0,14,18), (905,0,11,18), (917,0,11,18), (929,0,11,18), (941,0,11,18), (953,0,9,18), (963,0,10,18), (974,0,9,18), (984,0,11,18), (996,0,11,18), (1008,0,14,18), (1023,0,11,18), (1035,0,11,18), (1047,0,10,18), (1058,0,8,18), (1067,0,6,18), (1074,0,8,18), (1083,0,11,18));
Define OffsetList ((0,0), (-2,0), (-2,0), (-2,0), (-2,0), (-2,0), (-2,0), (-2,0), (-2,0), (-2,0), (-2,0), (-2,0), (-2,0), (-2,0), (-2,0), (-2,0), (-2,0), (-2,0), (-2,0), (-2,0), (-2,0), (-2,0), (-2,0), (-2,0), (-2,0), (-2,0), (-2,0), (-2,0), (-2,0), (-2,0), (-1,0), (-2,0), (-2,0), (-3,0), (-2,0), (-2,0), (-2,0), (-2,0), (-2,0), (-2,0), (-2,0), (-2,0), (-2,0), (-2,0), (-2,0), (-2,0), (-2,0), (-2,0), (-2,0), (-2,0), (-2,0), (-2,0), (-2,0), (-2,0), (-3,0), (-2,0), (-2,0), (-3,0), (-2,0), (-1,0), (-2,0), (-2,0), (-2,0), (-2,0), (-2,0), (-2,0), (-2,0), (-2,0), (-2,0), (-2,0), (-2,0), (-2,0), (-2,0), (-2,0), (-3,0), (-2,0), (-2,0), (-2,0), (-2,0), (-2,0), (-2,0), (-2,0), (-2,0), (-2,0), (-2,0), (-2,0), (-2,0), (-2,0), (-2,0), (-2,0), (-2,0), (-2,0), (-1,0), (-2,0), (-2,0));
CreateLayer Main;
LayerSetImage Main '../images/GillSansMT10Bold';
LayerSetImageMap Main CharList RectList;
LayerSetCharWidths Main CharList WidthList;
LayerSetCharOffsets Main CharList OffsetList;
LayerSetAscent Main 14;
LayerSetPointSize Main 10;
