// MyriadCondensedWeb15: generated from BarlowCondensed-Medium.ttf by tools/build-pack.mjs
Define CharList (' ', '!', '"', '#', '$', '%', '&', "'", '(', ')', '*', '+', ',', '-', '.', '/', '0', '1', '2', '3', '4', '5', '6', '7', '8', '9', ':', ';', '<', '=', '>', '?', '@', 'A', 'B', 'C', 'D', 'E', 'F', 'G', 'H', 'I', 'J', 'K', 'L', 'M', 'N', 'O', 'P', 'Q', 'R', 'S', 'T', 'U', 'V', 'W', 'X', 'Y', 'Z', '[', '\\', ']', '^', '_', '`', 'a', 'b', 'c', 'd', 'e', 'f', 'g', 'h', 'i', 'j', 'k', 'l', 'm', 'n', 'o', 'p', 'q', 'r', 's', 't', 'u', 'v', 'w', 'x', 'y', 'z', '{', '|', '}', '~');
Define WidthList (4, 5, 5, 11, 8, 15, 11, 3, 5, 5, 7, 8, 4, 6, 4, 7, 9, 5, 8, 8, 8, 8, 8, 7, 8, 8, 4, 4, 8, 8, 8, 8, 15, 8, 9, 9, 9, 8, 8, 9, 9, 4, 8, 9, 8, 10, 10, 9, 9, 9, 9, 8, 8, 9, 9, 12, 9, 8, 8, 6, 7, 6, 8, 8, 4, 8, 8, 8, 8, 8, 5, 8, 8, 4, 4, 8, 4, 13, 8, 8, 8, 8, 6, 7, 5, 8, 8, 11, 8, 7, 7, 6, 3, 6, 9);
Define RectList ((0,0,0,26), (1,0,7,26), (9,0,9,26), (19,0,15,26), (35,0,12,26), (48,0,17,26), (66,0,14,26), (81,0,7,26), (89,0,9,26), (99,0,8,26), (108,0,11,26), (120,0,12,26), (133,0,7,26), (141,0,10,26), (152,0,8,26), (161,0,10,26), (172,0,12,26), (185,0,9,26), (195,0,12,26), (208,0,12,26), (221,0,13,26), (235,0,12,26), (248,0,12,26), (261,0,12,26), (274,0,12,26), (287,0,12,26), (300,0,7,26), (308,0,8,26), (317,0,12,26), (330,0,12,26), (343,0,12,26), (356,0,12,26), (369,0,18,26), (388,0,13,26), (402,0,12,26), (415,0,12,26), (428,0,11,26), (440,0,11,26), (452,0,11,26), (464,0,12,26), (477,0,11,26), (489,0,7,26), (497,0,12,26), (510,0,12,26), (523,0,11,26), (535,0,13,26), (549,0,12,26), (562,0,12,26), (575,0,12,26), (588,0,12,26), (601,0,12,26), (614,0,12,26), (627,0,12,26), (640,0,12,26), (653,0,13,26), (667,0,16,26), (684,0,12,26), (697,0,12,26), (710,0,12,26), (723,0,9,26), (733,0,11,26), (745,0,9,26), (755,0,12,26), (768,0,12,26), (781,0,8,26), (790,0,12,26), (803,0,12,26), (816,0,12,26), (829,0,12,26), (842,0,12,26), (855,0,9,26), (865,0,12,26), (878,0,12,26), (891,0,8,26), (900,0,9,26), (910,0,12,26), (923,0,7,26), (931,0,16,26), (948,0,12,26), (961,0,12,26), (974,0,11,26), (986,0,12,26), (999,0,10,26), (1010,0,11,26), (1022,0,9,26), (1032,0,12,26), (1045,0,12,26), (1058,0,15,26), (1074,0,12,26), (1087,0,12,26), (1100,0,11,26), (1112,0,10,26), (1123,0,7,26), (1131,0,10,26), (1142,0,13,26));
Define OffsetList ((0,0), (-1,0), (-2,0), (-2,0), (-2,0), (-1,0), (-2,0), (-2,0), (-3,0), (-1,0), (-2,0), (-2,0), (-2,0), (-2,0), (-2,0), (-2,0), (-2,0), (-2,0), (-2,0), (-2,0), (-2,0), (-2,0), (-2,0), (-2,0), (-2,0), (-2,0), (-1,0), (-2,0), (-2,0), (-2,0), (-2,0), (-2,0), (-2,0), (-2,0), (-1,0), (-2,0), (-1,0), (-1,0), (-1,0), (-2,0), (-1,0), (-1,0), (-2,0), (-1,0), (-1,0), (-1,0), (-1,0), (-2,0), (-1,0), (-2,0), (-1,0), (-2,0), (-2,0), (-1,0), (-2,0), (-2,0), (-2,0), (-2,0), (-2,0), (-2,0), (-2,0), (-1,0), (-2,0), (-2,0), (-2,0), (-2,0), (-2,0), (-2,0), (-2,0), (-2,0), (-2,0), (-2,0), (-2,0), (-2,0), (-3,0), (-2,0), (-2,0), (-2,0), (-2,0), (-2,0), (-1,0), (-2,0), (-2,0), (-2,0), (-2,0), (-2,0), (-2,0), (-2,0), (-2,0), (-2,0), (-2,0), (-2,0), (-2,0), (-2,0), (-2,0));
CreateLayer Main;
LayerSetImage Main '../images/MyriadCondensedWeb15';
LayerSetImageMap Main CharList RectList;
LayerSetCharWidths Main CharList WidthList;
LayerSetCharOffsets Main CharList OffsetList;
LayerSetAscent Main 21;
LayerSetPointSize Main 15;
