// MyriadCondensedWeb12Bold: generated from BarlowCondensed-Bold.ttf by tools/build-pack.mjs
Define CharList (' ', '!', '"', '#', '$', '%', '&', "'", '(', ')', '*', '+', ',', '-', '.', '/', '0', '1', '2', '3', '4', '5', '6', '7', '8', '9', ':', ';', '<', '=', '>', '?', '@', 'A', 'B', 'C', 'D', 'E', 'F', 'G', 'H', 'I', 'J', 'K', 'L', 'M', 'N', 'O', 'P', 'Q', 'R', 'S', 'T', 'U', 'V', 'W', 'X', 'Y', 'Z', '[', '\\', ']', '^', '_', '`', 'a', 'b', 'c', 'd', 'e', 'f', 'g', 'h', 'i', 'j', 'k', 'l', 'm', 'n', 'o', 'p', 'q', 'r', 's', 't', 'u', 'v', 'w', 'x', 'y', 'z', '{', '|', '}', '~');
Define WidthList (3, 4, 5, 9, 7, 12, 9, 3, 5, 5, 6, 7, 3, 5, 3, 6, 7, 4, 7, 7, 7, 7, 7, 6, 7, 7, 4, 4, 7, 7, 7, 7, 12, 7, 7, 7, 7, 7, 6, 7, 7, 4, 7, 8, 7, 8, 8, 7, 7, 7, 7, 7, 7, 7, 7, 11, 7, 7, 6, 5, 6, 5, 6, 6, 3, 7, 7, 7, 7, 7, 5, 7, 7, 3, 3, 7, 3, 10, 7, 7, 7, 7, 5, 6, 4, 7, 7, 9, 7, 6, 6, 5, 3, 5, 8);
Define RectList ((0,0,0,22), (1,0,8,22), (10,0,10,22), (21,0,13,22), (35,0,11,22), (47,0,16,22), (64,0,13,22), (78,0,7,22), (86,0,8,22), (95,0,9,22), (105,0,10,22), (116,0,11,22), (128,0,7,22), (136,0,9,22), (146,0,7,22), (154,0,10,22), (165,0,11,22), (177,0,8,22), (186,0,11,22), (198,0,11,22), (210,0,12,22), (223,0,11,22), (235,0,11,22), (247,0,11,22), (259,0,11,22), (271,0,11,22), (283,0,8,22), (292,0,8,22), (301,0,11,22), (313,0,11,22), (325,0,11,22), (337,0,11,22), (349,0,16,22), (366,0,12,22), (379,0,11,22), (391,0,11,22), (403,0,11,22), (415,0,11,22), (427,0,11,22), (439,0,11,22), (451,0,11,22), (463,0,7,22), (471,0,11,22), (483,0,12,22), (496,0,11,22), (508,0,12,22), (521,0,12,22), (534,0,11,22), (546,0,11,22), (558,0,11,22), (570,0,11,22), (582,0,11,22), (594,0,11,22), (606,0,11,22), (618,0,12,22), (631,0,15,22), (647,0,11,22), (659,0,11,22), (671,0,10,22), (682,0,8,22), (691,0,11,22), (703,0,8,22), (712,0,11,22), (724,0,11,22), (736,0,8,22), (745,0,11,22), (757,0,11,22), (769,0,11,22), (781,0,11,22), (793,0,11,22), (805,0,9,22), (815,0,11,22), (827,0,11,22), (839,0,7,22), (847,0,8,22), (856,0,11,22), (868,0,7,22), (876,0,14,22), (891,0,11,22), (903,0,11,22), (915,0,11,22), (927,0,11,22), (939,0,9,22), (949,0,11,22), (961,0,9,22), (971,0,11,22), (983,0,11,22), (995,0,14,22), (1010,0,11,22), (1022,0,11,22), (1034,0,10,22), (1045,0,9,22), (1055,0,7,22), (1063,0,9,22), (1073,0,12,22));
Define OffsetList ((0,0), (-2,0), (-2,0), (-2,0), (-2,0), (-2,0), (-2,0), (-2,0), (-2,0), (-2,0), (-2,0), (-2,0), (-2,0), (-2,0), (-2,0), (-2,0), (-2,0), (-2,0), (-2,0), (-2,0), (-2,0), (-2,0), (-2,0), (-2,0), (-2,0), (-2,0), (-2,0), (-2,0), (-2,0), (-2,0), (-2,0), (-2,0), (-2,0), (-2,0), (-2,0), (-2,0), (-2,0), (-2,0), (-2,0), (-2,0), (-2,0), (-2,0), (-2,0), (-2,0), (-2,0), (-2,0), (-2,0), (-2,0), (-2,0), (-2,0), (-2,0), (-2,0), (-2,0), (-2,0), (-2,0), (-2,0), (-2,0), (-2,0), (-2,0), (-2,0), (-2,0), (-1,0), (-2,0), (-2,0), (-2,0), (-2,0), (-2,0), (-2,0), (-2,0), (-2,0), (-2,0), (-2,0), (-2,0), (-2,0), (-3,0), (-2,0), (-2,0), (-2,0), (-2,0), (-2,0), (-2,0), (-2,0), (-2,0), (-2,0), (-2,0), (-2,0), (-2,0), (-2,0), (-2,0), (-2,0), (-2,0), (-2,0), (-2,0), (-2,0), (-2,0));
CreateLayer Main;
LayerSetImage Main '../images/MyriadCondensedWeb12Bold';
LayerSetImageMap Main CharList RectList;
LayerSetCharWidths Main CharList WidthList;
LayerSetCharOffsets Main CharList OffsetList;
LayerSetAscent Main 17;
LayerSetPointSize Main 12;
