// MyriadCondensedWeb14Bold: generated from BarlowCondensed-SemiBold.ttf by tools/build-pack.mjs
Define CharList (' ', '!', '"', '#', '$', '%', '&', "'", '(', ')', '*', '+', ',', '-', '.', '/', '0', '1', '2', '3', '4', '5', '6', '7', '8', '9', ':', ';', '<', '=', '>', '?', '@', 'A', 'B', 'C', 'D', 'E', 'F', 'G', 'H', 'I', 'J', 'K', 'L', 'M', 'N', 'O', 'P', 'Q', 'R', 'S', 'T', 'U', 'V', 'W', 'X', 'Y', 'Z', '[', '\\', ']', '^', '_', '`', 'a', 'b', 'c', 'd', 'e', 'f', 'g', 'h', 'i', 'j', 'k', 'l', 'm', 'n', 'o', 'p', 'q', 'r', 's', 't', 'u', 'v', 'w', 'x', 'y', 'z', '{', '|', '}', '~');
Define WidthList (4, 5, 5, 11, 8, 14, 10, 3, 5, 5, 6, 8, 4, 6, 4, 7, 8, 5, 8, 8, 8, 8, 8, 7, 8, 8, 5, 4, 8, 8, 8, 7, 14, 8, 8, 8, 8, 8, 7, 8, 9, 4, 8, 9, 7, 10, 9, 8, 8, 8, 8, 8, 8, 9, 8, 12, 8, 8, 7, 6, 7, 6, 7, 7, 4, 8, 8, 8, 8, 8, 5, 8, 8, 4, 4, 8, 4, 12, 8, 8, 8, 8, 6, 7, 5, 8, 7, 11, 7, 7, 7, 6, 3, 6, 9);
Define RectList ((0,0,0,24), (1,0,7,24), (9,0,10,24), (20,0,15,24), (36,0,12,24), (49,0,17,24), (67,0,14,24), (82,0,7,24), (90,0,8,24), (99,0,9,24), (109,0,11,24), (121,0,12,24), (134,0,7,24), (142,0,10,24), (153,0,8,24), (162,0,11,24), (174,0,12,24), (187,0,9,24), (197,0,12,24), (210,0,11,24), (222,0,12,24), (235,0,12,24), (248,0,12,24), (261,0,11,24), (273,0,12,24), (286,0,11,24), (298,0,7,24), (306,0,8,24), (315,0,12,24), (328,0,12,24), (341,0,12,24), (354,0,11,24), (366,0,17,24), (384,0,12,24), (397,0,12,24), (410,0,12,24), (423,0,12,24), (436,0,12,24), (449,0,12,24), (462,0,12,24), (475,0,12,24), (488,0,8,24), (497,0,11,24), (509,0,13,24), (523,0,12,24), (536,0,13,24), (550,0,13,24), (564,0,12,24), (577,0,12,24), (590,0,12,24), (603,0,12,24), (616,0,12,24), (629,0,12,24), (642,0,12,24), (655,0,12,24), (668,0,16,24), (685,0,12,24), (698,0,12,24), (711,0,11,24), (723,0,9,24), (733,0,11,24), (745,0,9,24), (755,0,11,24), (767,0,11,24), (779,0,8,24), (788,0,12,24), (801,0,12,24), (814,0,12,24), (827,0,11,24), (839,0,12,24), (852,0,9,24), (862,0,11,24), (874,0,12,24), (887,0,8,24), (896,0,9,24), (906,0,12,24), (919,0,7,24), (927,0,16,24), (944,0,12,24), (957,0,12,24), (970,0,12,24), (983,0,11,24), (995,0,10,24), (1006,0,11,24), (1018,0,9,24), (1028,0,12,24), (1041,0,12,24), (1054,0,15,24), (1070,0,12,24), (1083,0,11,24), (1095,0,11,24), (1107,0,10,24), (1118,0,7,24), (1126,0,10,24), (1137,0,13,24));
Define OffsetList ((0,0), (-1,0), (-2,0), (-2,0), (-2,0), (-2,0), (-2,0), (-2,0), (-2,0), (-1,0), (-2,0), (-2,0), (-2,0), (-2,0), (-2,0), (-2,0), (-2,0), (-2,0), (-2,0), (-2,0), (-2,0), (-2,0), (-2,0), (-2,0), (-2,0), (-2,0), (-1,0), (-2,0), (-2,0), (-2,0), (-2,0), (-2,0), (-2,0), (-2,0), (-2,0), (-2,0), (-2,0), (-2,0), (-2,0), (-2,0), (-2,0), (-2,0), (-2,0), (-2,0), (-2,0), (-2,0), (-2,0), (-2,0), (-2,0), (-2,0), (-2,0), (-2,0), (-2,0), (-2,0), (-2,0), (-2,0), (-2,0), (-2,0), (-2,0), (-2,0), (-2,0), (-1,0), (-2,0), (-2,0), (-2,0), (-2,0), (-2,0), (-2,0), (-2,0), (-2,0), (-2,0), (-2,0), (-2,0), (-2,0), (-3,0), (-2,0), (-2,0), (-2,0), (-2,0), (-2,0), (-2,0), (-2,0), (-2,0), (-2,0), (-2,0), (-2,0), (-2,0), (-2,0), (-2,0), (-2,0), (-2,0), (-2,0), (-2,0), (-2,0), (-2,0));
CreateLayer Main;
LayerSetImage Main '../images/MyriadCondensedWeb14Bold';
LayerSetImageMap Main CharList RectList;
LayerSetCharWidths Main CharList WidthList;
LayerSetCharOffsets Main CharList OffsetList;
LayerSetAscent Main 19;
LayerSetPointSize Main 14;
