// MyriadCondensedWeb28Bold: generated from BarlowCondensed-Bold.ttf by tools/build-pack.mjs
Define CharList (' ', '!', '"', '#', '$', '%', '&', "'", '(', ')', '*', '+', ',', '-', '.', '/', '0', '1', '2', '3', '4', '5', '6', '7', '8', '9', ':', ';', '<', '=', '>', '?', '@', 'A', 'B', 'C', 'D', 'E', 'F', 'G', 'H', 'I', 'J', 'K', 'L', 'M', 'N', 'O', 'P', 'Q', 'R', 'S', 'T', 'U', 'V', 'W', 'X', 'Y', 'Z', '[', '\\', ']', '^', '_', '`', 'a', 'b', 'c', 'd', 'e', 'f', 'g', 'h', 'i', 'j', 'k', 'l', 'm', 'n', 'o', 'p', 'q', 'r', 's', 't', 'u', 'v', 'w', 'x', 'y', 'z', '{', '|', '}', '~');
Define WidthList (7, 10, 12, 22, 16, 27, 22, 6, 11, 11, 13, 16, 8, 12, 8, 15, 16, 10, 16, 16, 17, 16, 16, 15, 16, 16, 10, 8, 16, 16, 16, 16, 27, 17, 17, 17, 17, 16, 15, 17, 17, 8, 16, 18, 15, 20, 18, 17, 17, 16, 17, 16, 17, 17, 17, 25, 17, 17, 15, 12, 15, 12, 15, 15, 8, 16, 16, 16, 16, 16, 11, 16, 16, 8, 8, 16, 7, 24, 16, 16, 16, 16, 12, 15, 10, 16, 16, 22, 16, 15, 13, 12, 7, 12, 18);
Define RectList ((0,0,0,46), (1,0,10,46), (12,0,16,46), (29,0,24,46), (54,0,20,46), (75,0,29,46), (105,0,25,46), (131,0,10,46), (142,0,14,46), (157,0,14,46), (172,0,17,46), (190,0,19,46), (210,0,10,46), (221,0,15,46), (237,0,10,46), (248,0,18,46), (267,0,19,46), (287,0,13,46), (301,0,20,46), (322,0,19,46), (342,0,21,46), (364,0,18,46), (383,0,18,46), (402,0,19,46), (422,0,18,46), (441,0,19,46), (461,0,10,46), (472,0,11,46), (484,0,19,46), (504,0,19,46), (524,0,19,46), (544,0,19,46), (564,0,30,46), (595,0,21,46), (617,0,19,46), (637,0,19,46), (657,0,19,46), (677,0,18,46), (696,0,18,46), (715,0,19,46), (735,0,19,46), (755,0,10,46), (766,0,19,46), (786,0,21,46), (808,0,18,46), (827,0,22,46), (850,0,20,46), (871,0,19,46), (891,0,19,46), (911,0,19,46), (931,0,20,46), (952,0,20,46), (973,0,20,46), (994,0,19,46), (1014,0,21,46), (1036,0,28,46), (1065,0,21,46), (1087,0,21,46), (1109,0,18,46), (1128,0,13,46), (1142,0,18,46), (1161,0,13,46), (1175,0,19,46), (1195,0,19,46), (1215,0,12,46), (1228,0,19,46), (1248,0,18,46), (1267,0,18,46), (1286,0,18,46), (1305,0,18,46), (1324,0,14,46), (1339,0,18,46), (1358,0,18,46), (1377,0,10,46), (1388,0,14,46), (1403,0,19,46), (1423,0,10,46), (1434,0,26,46), (1461,0,18,46), (1480,0,18,46), (1499,0,18,46), (1518,0,18,46), (1537,0,15,46), (1553,0,19,46), (1573,0,14,46), (1588,0,18,46), (1607,0,19,46), (1627,0,26,46), (1654,0,20,46), (1675,0,19,46), (1695,0,17,46), (1713,0,15,46), (1729,0,10,46), (1740,0,15,46), (1756,0,21,46));
Define OffsetList ((0,0), (0,0), (-2,0), (-1,0), (-2,0), (-1,0), (-2,0), (-2,0), (-2,0), (0,0), (-2,0), (-2,0), (-1,0), (-2,0), (-1,0), (-2,0), (-1,0), (-2,0), (-2,0), (-2,0), (-2,0), (-1,0), (-1,0), (-2,0), (-1,0), (-2,0), (0,0), (-1,0), (-2,0), (-2,0), (-2,0), (-2,0), (-1,0), (-2,0), (-1,0), (-1,0), (-1,0), (-1,0), (-1,0), (-1,0), (-1,0), (-1,0), (-2,0), (-1,0), (-1,0), (-1,0), (-1,0), (-1,0), (-1,0), (-1,0), (-1,0), (-2,0), (-2,0), (-1,0), (-2,0), (-2,0), (-2,0), (-2,0), (-2,0), (-1,0), (-1,0), (1,0), (-2,0), (-2,0), (-2,0), (-2,0), (-1,0), (-1,0), (-1,0), (-1,0), (-2,0), (-1,0), (-1,0), (-1,0), (-5,0), (-1,0), (-1,0), (-1,0), (-1,0), (-1,0), (-1,0), (-1,0), (-1,0), (-2,0), (-2,0), (-1,0), (-2,0), (-2,0), (-2,0), (-2,0), (-2,0), (-1,0), (-2,0), (-1,0), (-2,0));
CreateLayer Main;
LayerSetImage Main '../images/MyriadCondensedWeb28Bold';
LayerSetImageMap Main CharList RectList;
LayerSetCharWidths Main CharList WidthList;
LayerSetCharOffsets Main CharList OffsetList;
LayerSetAscent Main 37;
LayerSetPointSize Main 28;
