// Rockwell13: generated from Arvo-Regular.ttf by tools/build-pack.mjs
Define CharList (' ', '!', '"', '#', '$', '%', '&', "'", '(', ')', '*', '+', ',', '-', '.', '/', '0', '1', '2', '3', '4', '5', '6', '7', '8', '9', ':', ';', '<', '=', '>', '?', '@', 'A', 'B', 'C', 'D', 'E', 'F', 'G', 'H', 'I', 'J', 'K', 'L', 'M', 'N', 'O', 'P', 'Q', 'R', 'S', 'T', 'U', 'V', 'W', 'X', 'Y', 'Z', '[', '\\', ']', '^', '_', '`', 'a', 'b', 'c', 'd', 'e', 'f', 'g', 'h', 'i', 'j', 'k', 'l', 'm', 'n', 'o', 'p', 'q', 'r', 's', 't', 'u', 'v', 'w', 'x', 'y', 'z', '{', '|', '}', '~');
Define WidthList (3, 5, 5, 11, 9, 13, 11, 3, 6, 6, 6, 10, 4, 6, 3, 6, 10, 7, 8, 9, 10, 9, 10, 8, 10, 10, 4, 4, 8, 7, 9, 8, 18, 12, 10, 12, 12, 10, 10, 13, 14, 6, 5, 12, 10, 17, 12, 12, 10, 12, 11, 9, 11, 12, 11, 20, 11, 10, 9, 6, 7, 6, 9, 8, 5, 9, 10, 9, 10, 9, 6, 9, 10, 5, 5, 10, 5, 16, 10, 9, 10, 9, 7, 8, 6, 10, 8, 13, 8, 9, 7, 6, 3, 6, 9);
Define RectList ((0,0,0,22), (1,0,7,22), (9,0,9,22), (19,0,15,22), (35,0,12,22), (48,0,17,22), (66,0,14,22), (81,0,7,22), (89,0,9,22), (99,0,9,22), (109,0,10,22), (120,0,12,22), (133,0,8,22), (142,0,9,22), (152,0,7,22), (160,0,11,22), (172,0,14,22), (187,0,10,22), (198,0,12,22), (211,0,12,22), (224,0,13,22), (238,0,13,22), (252,0,13,22), (266,0,12,22), (279,0,12,22), (292,0,13,22), (306,0,7,22), (314,0,8,22), (323,0,11,22), (335,0,11,22), (347,0,11,22), (359,0,12,22), (372,0,20,22), (393,0,16,22), (410,0,13,22), (424,0,16,22), (441,0,15,22), (457,0,13,22), (471,0,13,22), (485,0,16,22), (502,0,17,22), (520,0,8,22), (529,0,9,22), (539,0,15,22), (555,0,13,22), (569,0,19,22), (589,0,16,22), (606,0,16,22), (623,0,13,22), (637,0,16,22), (654,0,14,22), (669,0,13,22), (683,0,15,22), (699,0,16,22), (716,0,17,22), (734,0,24,22), (759,0,15,22), (775,0,15,22), (791,0,13,22), (805,0,8,22), (814,0,11,22), (826,0,8,22), (835,0,12,22), (848,0,12,22), (861,0,9,22), (871,0,12,22), (884,0,13,22), (898,0,12,22), (911,0,14,22), (926,0,12,22), (939,0,11,22), (951,0,12,22), (964,0,14,22), (979,0,9,22), (989,0,8,22), (998,0,14,22), (1013,0,9,22), (1023,0,19,22), (1043,0,14,22), (1058,0,13,22), (1072,0,13,22), (1086,0,14,22), (1101,0,11,22), (1113,0,11,22), (1125,0,10,22), (1136,0,13,22), (1150,0,13,22), (1164,0,17,22), (1182,0,12,22), (1195,0,13,22), (1209,0,11,22), (1221,0,8,22), (1230,0,6,22), (1237,0,9,22), (1247,0,12,22));
Define OffsetList ((0,0), (-1,0), (-2,0), (-2,0), (-1,0), (-2,0), (-1,0), (-2,0), (-1,0), (-2,0), (-2,0), (-1,0), (-2,0), (-2,0), (-2,0), (-2,0), (-2,0), (-2,0), (-2,0), (-2,0), (-2,0), (-2,0), (-2,0), (-2,0), (-1,0), (-2,0), (-2,0), (-3,0), (-2,0), (-2,0), (-1,0), (-2,0), (-1,0), (-2,0), (-1,0), (-2,0), (-1,0), (-1,0), (-1,0), (-2,0), (-1,0), (-1,0), (-2,0), (-1,0), (-1,0), (-1,0), (-1,0), (-2,0), (-1,0), (-2,0), (-1,0), (-2,0), (-2,0), (-2,0), (-3,0), (-2,0), (-1,0), (-2,0), (-2,0), (-1,0), (-2,0), (-2,0), (-1,0), (-2,0), (-2,0), (-2,0), (-2,0), (-2,0), (-2,0), (-2,0), (-2,0), (-2,0), (-2,0), (-2,0), (-2,0), (-2,0), (-2,0), (-2,0), (-2,0), (-2,0), (-2,0), (-2,0), (-2,0), (-2,0), (-2,0), (-2,0), (-2,0), (-2,0), (-2,0), (-2,0), (-2,0), (-1,0), (-1,0), (-2,0), (-1,0));
CreateLayer Main;
LayerSetImage Main '../images/Rockwell13';
LayerSetImageMap Main CharList RectList;
LayerSetCharWidths Main CharList WidthList;
LayerSetCharOffsets Main CharList OffsetList;
LayerSetAscent Main 17;
LayerSetPointSize Main 13;
