// Rockwell13Bold: generated from Arvo-Bold.ttf by tools/build-pack.mjs
Define CharList (' ', '!', '"', '#', '$', '%', '&', "'", '(', ')', '*', '+', ',', '-', '.', '/', '0', '1', '2', '3', '4', '5', '6', '7', '8', '9', ':', ';', '<', '=', '>', '?', '@', 'A', 'B', 'C', 'D', 'E', 'F', 'G', 'H', 'I', 'J', 'K', 'L', 'M', 'N', 'O', 'P', 'Q', 'R', 'S', 'T', 'U', 'V', 'W', 'X', 'Y', 'Z', '[', '\\', ']', '^', '_', '`', 'a', 'b', 'c', 'd', 'e', 'f', 'g', 'h', 'i', 'j', 'k', 'l', 'm', 'n', 'o', 'p', 'q', 'r', 's', 't', 'u', 'v', 'w', 'x', 'y', 'z', '{', '|', '}', '~');
Define WidthList (3, 5, 5, 12, 10, 14, 10, 3, 6, 6, 8, 9, 4, 6, 4, 6, 10, 6, 9, 8, 9, 9, 9, 9, 9, 9, 4, 4, 7, 8, 6, 9, 17, 11, 11, 12, 11, 11, 10, 13, 14, 6, 5, 13, 10, 18, 13, 12, 11, 13, 12, 10, 11, 12, 12, 18, 12, 12, 10, 5, 6, 5, 9, 8, 6, 10, 10, 9, 11, 9, 6, 10, 11, 6, 5, 11, 6, 17, 11, 10, 10, 10, 9, 8, 6, 11, 10, 15, 9, 10, 9, 7, 5, 7, 7);
Define RectList ((0,0,0,22), (1,0,7,22), (9,0,9,22), (19,0,16,22), (36,0,13,22), (50,0,17,22), (68,0,15,22), (84,0,7,22), (92,0,10,22), (103,0,10,22), (114,0,12,22), (127,0,13,22), (141,0,8,22), (150,0,10,22), (161,0,8,22), (170,0,11,22), (182,0,14,22), (197,0,10,22), (208,0,13,22), (222,0,13,22), (236,0,14,22), (251,0,13,22), (265,0,13,22), (279,0,13,22), (293,0,13,22), (307,0,13,22), (321,0,8,22), (330,0,9,22), (340,0,11,22), (352,0,12,22), (365,0,11,22), (377,0,12,22), (390,0,20,22), (411,0,16,22), (428,0,15,22), (444,0,16,22), (461,0,15,22), (477,0,15,22), (493,0,14,22), (508,0,16,22), (525,0,18,22), (544,0,10,22), (555,0,10,22), (566,0,17,22), (584,0,15,22), (600,0,22,22), (623,0,17,22), (641,0,16,22), (658,0,15,22), (674,0,17,22), (692,0,16,22), (709,0,14,22), (724,0,15,22), (740,0,16,22), (757,0,16,22), (774,0,22,22), (797,0,16,22), (814,0,16,22), (831,0,14,22), (846,0,9,22), (856,0,11,22), (868,0,9,22), (878,0,14,22), (893,0,12,22), (906,0,9,22), (916,0,13,22), (930,0,14,22), (945,0,13,22), (959,0,15,22), (975,0,13,22), (989,0,11,22), (1001,0,13,22), (1015,0,15,22), (1031,0,10,22), (1042,0,9,22), (1052,0,15,22), (1068,0,10,22), (1079,0,21,22), (1101,0,15,22), (1117,0,13,22), (1131,0,15,22), (1147,0,14,22), (1162,0,12,22), (1175,0,12,22), (1188,0,10,22), (1199,0,15,22), (1215,0,14,22), (1230,0,19,22), (1250,0,13,22), (1264,0,14,22), (1279,0,12,22), (1292,0,11,22), (1304,0,7,22), (1312,0,11,22), (1324,0,13,22));
Define OffsetList ((0,0), (-1,0), (-2,0), (-2,0), (-2,0), (-1,0), (-2,0), (-2,0), (-2,0), (-2,0), (-2,0), (-2,0), (-2,0), (-2,0), (-2,0), (-2,0), (-2,0), (-2,0), (-2,0), (-2,0), (-2,0), (-2,0), (-2,0), (-2,0), (-2,0), (-2,0), (-2,0), (-3,0), (-2,0), (-2,0), (-2,0), (-2,0), (-1,0), (-2,0), (-2,0), (-2,0), (-2,0), (-2,0), (-2,0), (-2,0), (-2,0), (-2,0), (-2,0), (-2,0), (-2,0), (-2,0), (-2,0), (-2,0), (-2,0), (-2,0), (-2,0), (-2,0), (-2,0), (-2,0), (-2,0), (-2,0), (-2,0), (-2,0), (-2,0), (-2,0), (-2,0), (-2,0), (-2,0), (-2,0), (-1,0), (-2,0), (-2,0), (-2,0), (-2,0), (-2,0), (-2,0), (-2,0), (-2,0), (-2,0), (-2,0), (-2,0), (-2,0), (-2,0), (-2,0), (-2,0), (-2,0), (-2,0), (-2,0), (-2,0), (-2,0), (-2,0), (-2,0), (-2,0), (-2,0), (-2,0), (-2,0), (-2,0), (-2,0), (-2,0), (-3,0));
CreateLayer Main;
LayerSetImage Main '../images/Rockwell13Bold';
LayerSetImageMap Main CharList RectList;
LayerSetCharWidths Main CharList WidthList;
LayerSetCharOffsets Main CharList OffsetList;
LayerSetAscent Main 17;
LayerSetPointSize Main 13;
