// SwissCheesed24: generated from LuckiestGuy-Regular.ttf by tools/build-pack.mjs
Define CharList (' ', '!', '"', '#', '$', '%', '&', "'", '(', ')', '*', '+', ',', '-', '.', '/', '0', '1', '2', '3', '4', '5', '6', '7', '8', '9', ':', ';', '<', '=', '>', '?', '@', 'A', 'B', 'C', 'D', 'E', 'F', 'G', 'H', 'I', 'J', 'K', 'L', 'M', 'N', 'O', 'P', 'Q', 'R', 'S', 'T', 'U', 'V', 'W', 'X', 'Y', 'Z', '[', '\\', ']', '^', '_', '`', 'a', 'b', 'c', 'd', 'e', 'f', 'g', 'h', 'i', 'j', 'k', 'l', 'm', 'n', 'o', 'p', 'q', 'r', 's', 't', 'u', 'v', 'w', 'x', 'y', 'z', '{', '|', '}', '~');
Define WidthList (6, 9, 15, 19, 13, 22, 19, 7, 12, 12, 17, 14, 7, 12, 7, 15, 19, 12, 16, 16, 16, 16, 18, 15, 17, 17, 8, 8, 14, 12, 14, 17, 20, 19, 18, 16, 18, 15, 15, 19, 19, 9, 16, 19, 14, 24, 21, 19, 18, 21, 19, 16, 17, 19, 19, 28, 18, 19, 15, 11, 15, 11, 15, 9, 9, 19, 18, 16, 18, 18, 15, 19, 19, 9, 16, 18, 14, 27, 20, 19, 18, 21, 19, 16, 17, 19, 19, 28, 18, 18, 15, 13, 9, 12, 18);
Define RectList ((0,0,0,34), (1,0,13,34), (15,0,19,34), (35,0,22,34), (58,0,17,34), (76,0,26,34), (103,0,24,34), (128,0,12,34), (141,0,17,34), (159,0,17,34), (177,0,20,34), (198,0,18,34), (217,0,11,34), (229,0,15,34), (245,0,11,34), (257,0,19,34), (277,0,23,34), (301,0,17,34), (319,0,20,34), (340,0,20,34), (361,0,20,34), (382,0,20,34), (403,0,22,34), (426,0,20,34), (447,0,22,34), (470,0,21,34), (492,0,11,34), (504,0,11,34), (516,0,18,34), (535,0,14,34), (550,0,18,34), (569,0,21,34), (591,0,24,34), (616,0,25,34), (642,0,23,34), (666,0,20,34), (687,0,22,34), (710,0,19,34), (730,0,19,34), (750,0,23,34), (774,0,23,34), (798,0,13,34), (812,0,20,34), (833,0,24,34), (858,0,18,34), (877,0,28,34), (906,0,26,34), (933,0,24,34), (958,0,23,34), (982,0,25,34), (1008,0,23,34), (1032,0,21,34), (1054,0,21,34), (1076,0,23,34), (1100,0,24,34), (1125,0,32,34), (1158,0,24,34), (1183,0,24,34), (1208,0,19,34), (1228,0,16,34), (1245,0,19,34), (1265,0,16,34), (1282,0,19,34), (1302,0,15,34), (1318,0,13,34), (1332,0,25,34), (1358,0,23,34), (1382,0,20,34), (1403,0,22,34), (1426,0,22,34), (1449,0,19,34), (1469,0,23,34), (1493,0,23,34), (1517,0,13,34), (1531,0,20,34), (1552,0,24,34), (1577,0,18,34), (1596,0,31,34), (1628,0,24,34), (1653,0,24,34), (1678,0,23,34), (1702,0,25,34), (1728,0,23,34), (1752,0,21,34), (1774,0,21,34), (1796,0,23,34), (1820,0,25,34), (1846,0,32,34), (1879,0,24,34), (1904,0,25,34), (1930,0,19,34), (1950,0,19,34), (1970,0,11,34), (1982,0,19,34), (2002,0,22,34));
Define OffsetList ((0,0), (-2,0), (-2,0), (-2,0), (-2,0), (-2,0), (-2,0), (-2,0), (-2,0), (-3,0), (-2,0), (-2,0), (-2,0), (-2,0), (-2,0), (-2,0), (-2,0), (-3,0), (-2,0), (-2,0), (-2,0), (-2,0), (-2,0), (-2,0), (-2,0), (-2,0), (-2,0), (-2,0), (-2,0), (-1,0), (-2,0), (-2,0), (-2,0), (-3,0), (-2,0), (-2,0), (-2,0), (-2,0), (-2,0), (-2,0), (-2,0), (-2,0), (-3,0), (-2,0), (-2,0), (-2,0), (-2,0), (-2,0), (-2,0), (-2,0), (-2,0), (-2,0), (-2,0), (-2,0), (-3,0), (-2,0), (-3,0), (-2,0), (-2,0), (-2,0), (-2,0), (-3,0), (-2,0), (-3,0), (-2,0), (-3,0), (-2,0), (-2,0), (-2,0), (-2,0), (-2,0), (-2,0), (-2,0), (-2,0), (-3,0), (-2,0), (-2,0), (-2,0), (-2,0), (-2,0), (-2,0), (-2,0), (-2,0), (-2,0), (-2,0), (-2,0), (-3,0), (-2,0), (-3,0), (-3,0), (-2,0), (-3,0), (-1,0), (-4,0), (-2,0));
CreateLayer Main;
LayerSetImage Main '../images/SwissCheesed24';
LayerSetImageMap Main CharList RectList;
LayerSetCharWidths Main CharList WidthList;
LayerSetCharOffsets Main CharList OffsetList;
LayerSetAscent Main 23;
LayerSetPointSize Main 24;
